$ANSIBLE_VAULT;1.1;AES256
64656363346430626430356331333463653763353034363631333430396461373934663836373935
6333613036373561643332313235393131333830386164620a396637303230326466303533383037
33616462616465383866333439393839636530383135653666623239346433666530393832336432
6665626431303236300a633265396233373239353839363637333636393761646431663936623462
61646566356165633863303061633730313937383730366330613136386639653965353264323964
64353130306239396333353633623532343063343234356238663538303737396661373261616638
39343261353337323038636234613565313062346330333662383136653630656363393964306463
37353630393964386530363264313738303937386334383639663066396339353961346463323339
63343737646366613337313630376633373835653264393464303337396665393534363766393036
66616135633630623030346534366464326631653734613961356132376261356235646533613636
64316531666638393835663664623066326464333934656263663861623536383966333566303136
31343935386465333835666537613233356130633164313933396563306131303337653431623536
34303365356434623836323734333866366466366533336162666135316435306261343634623630
65336132646265376661393362613335646132623134633436626361623137663339383966663261
31316262623633663034336136306334633232646162666639353233353466343261313161643465
64636630383866666264623763336434366130663832356235656362316664623764326462356163
65633463623635656463623435356338313132616532303738626232623233383266383863653835
39313635393461633730353161366636356433323263356637383935353761356530663364376262
31303065383838303962663034363834613439333937356632643664636138653062616633353533
39636261343534363631373965663038353665616136343933316335656162326362336233623433
66336637616530346339386566336566373339303166333633373934396434383532396532326533
61303764643238306333326337306562643932303839333464343730636564336634623436383435
33393833333263313930626361326438353364346134663130343065353337643463313131393434
35316436613263333531666533313332616233303661376237666661633961393430633765366637
31343165373439326430313062383664616235646564383966366461373936323232653465326230
38356336653065313131376537323733393665636530663831366235323437373765656364326133
31373832663131633532643263333038373737363335653332616632656236373438323537303032
30366666643435616132376138663930663130656266343330643531623538643930656636623061
3530
